k: 5, n_dcg: 0.3112530436065903, n_err: 0.4080174643561206, q_measure: 0.2860689228280274
k: 10, n_dcg: 0.3198269913532711, n_err: 0.4385684190820597, q_measure: 0.2591163876359562
k: 20, n_dcg: 0.3197249703160434, n_err: 0.4485805128568274, q_measure: 0.22555643925676028
