k: 5, n_dcg: 0.36631950822244747, n_err: 0.4833733533081002, q_measure: 0.3302932891592864
k: 10, n_dcg: 0.35891327365624354, n_err: 0.5047793597387944, q_measure: 0.2904688605968203
k: 20, n_dcg: 0.35320141624205037, n_err: 0.5148812965671723, q_measure: 0.2507473556588928
