k: 5, n_dcg: 0.03395076756553467, n_err: 0.04772978558140669, q_measure: 0.02369441526610644
k: 10, n_dcg: 0.03194962191378302, n_err: 0.052828750251187995, q_measure: 0.018231126665409755
k: 20, n_dcg: 0.03540895839550665, n_err: 0.05889073475493105, q_measure: 0.01722189713807553
