k: 5, n_dcg: 0.41866502448375853, n_err: 0.5137739860185452, q_measure: 0.4005762993134317
k: 10, n_dcg: 0.4168472087266544, n_err: 0.5387226978927726, q_measure: 0.3706090547249053
k: 20, n_dcg: 0.4195943539149038, n_err: 0.5450718853516031, q_measure: 0.3413093192663694
