k: 5, n_dcg: 0.03395076756553467, n_err: 0.04772978558140669, q_measure: 0.02369441526610644
k: 10, n_dcg: 0.03194962191378302, n_err: 0.05275624512851636, q_measure: 0.018231126665409755
k: 20, n_dcg: 0.03542515320114965, n_err: 0.05888908693188433, q_measure: 0.017148506986560376
