k: 5, n_dcg: 0.21451886582321222, n_err: 0.30555083475098854, q_measure: 0.1883709978577178
k: 10, n_dcg: 0.21752286066099633, n_err: 0.33013732061952616, q_measure: 0.1703960854418589
k: 20, n_dcg: 0.21930711294817823, n_err: 0.341903598321307, q_measure: 0.150690331820205
