k: 5, n_dcg: 0.463634653557881, n_err: 0.5719582352461171, q_measure: 0.4518569782515929
k: 10, n_dcg: 0.480691175075001, n_err: 0.5971997645896057, q_measure: 0.44358382972680804
k: 20, n_dcg: 0.49873777398165203, n_err: 0.6026175798752184, q_measure: 0.43565040514440084
